% This is a graph.

n 20 300 -1
n 20 300 0
n 200 300 1
n 200 200 2
n 200 400 3
n 380 300 4
n 380 200 5
n 380 400 6
n 380 100 7
n 380 500 8
n 560 300 9
n 560 200 10
n 560 400 11
n 560 100 12
n 560 500 13
n 560 0 14

e 5 11 0 0
e 5 10 1 1
e 6 11 2 1
e 4 9 3 0
e 4 13 4 1
e 7 14 5 1
e 3 12 6 1
e 2 9 7 1
e 2 8 8 0
e 1 8 9 1
e 14 -1 10 1
e 13 -1 11 1
e 12 -1 12 1
e 11 -1 13 1
e 10 -1 14 1
e 9 -1 15 1
e 8 -1 16 1
e 0 7 17 1
e 0 6 18 1
e 0 5 19 1
e 0 4 20 1
e 0 3 21 1
e 0 2 22 1
e 0 1 23 1

% End of graph
